0.92282944656484922063555  0.641368556431141656482
0.59501591169804091130402  0.80582467468645280206374
0.60106057892433673028876  0.68306040223281372369968
0.24113565528693325923371  0.34396854948946264940446
0.65061313490412964188891  0.32022674730765354755846
0.15914576890376963547169  0.80229227168836114714168
0.1415954872078247495093  0.60261840326739279927182
0.46259012684816536165044  0.30977262666998889306669
0.84382891563521411626425  0.032153842643318351901538
0.80369298393699584170946  0.72909464879248686575153
0.40999506214342507082193  0.22777932707339793028112
0.13016554785309411568228  0.617669196765732841925
0.11524885445678853534979  0.95416436199836029974364
0.61854817107204396187115  0.60800549721118068990933
0.14613082168654023540455  0.25635490637898011856421
0.10686594889063810720486  0.56672949680567930030861
0.77019205249987521266775  0.83497170651693430887264
0.64676566313160543941763  0.73561504886566209115983
0.10619370438834385694804  0.14348122528034976119748
0.84564287596393350465718  0.90897614021681527596286
0.46009418418732100919399  0.29147640819936493361553
0.97131975543994042432416  0.669272024328665393611
0.63673766177537993726787  0.54562339640274992724756
0.73337631382009693670199  0.85364057615538468937189
0.21268984980999380840494  0.37037019125141723563388
0.98951831729656125613559  0.9630029526354552116274
0.72855302255960396884404  0.46785873674152805845594
0.12388480945935287369508  0.4748941972301273795054
0.66294399829239769594835  0.96311451216508014994133
0.63107184522214776478677  0.65591403317466978606376
0.83303098967914335215568  0.13170849113504140559527
0.8441032303091221544733  0.10161994818888048230932
0.17530724093182203926489  0.52033191799626754558972
0.11059615222725029115569  0.72707752568819139504797
0.043121571223350869950242  0.5639713769183447578115
0.083339892250303762577524  0.84788674180831047344498
0.44487903002753076409093  0.79803909206666834297295
0.25906405558863160321081  0.62222803306488283503484
0.61269073235426818602178  0.12924849183840328437078
0.96459820643467908407587  0.5154936947082360276795
0.83409971491002010690607  0.56314222786584278157562
0.0023767807223718305335847  0.76138595886031523729542
0.22105021358276971676915  0.14501883298204215622107
0.043638152731027182729129  0.14078578618728063154286
0.065839302408690777990152  0.44019899491293323912089
0.69740161663820532389479  0.29684394496616806069511
0.33083401281286717310337  0.22761378287453470914414
0.051867287889396221367555  0.11982001456113115789304
0.46763165981986060115716  0.51072352356591799171781
0.48996251901154669328164  0.52948622305832238055245
0.65712197748440881461818  0.24852367618406426275079
0.37857332764872175800974  0.95076493620101609760553
0.010629758950107403778218  0.86978648155645255091173
0.88554744714521171911059  0.5827609191469210747627
0.74629686398215688836189  0.4537789220544272694724
0.068626262619905037398738  0.6568842258841575132422
0.26310699609080234750991  0.29801743553733545111228
0.3969197755553218742719  0.40986773504428647418862
0.58729176494367929528551  0.50729345559481464622564
0.16943313387221353716328  0.77798611680914597776848
0.0062414690037931788019199  0.56110088621386067231356
0.48667975207602165443888  0.16286680146694529347506
0.32590282007778975659207  0.30017677370880424536637
0.93044334181208376843841  0.65856563499121789639901
0.64545876477078523159037  0.27706636245343413404996
0.78899487165377812925016  0.77180642782729913520257
0.82656911360275353573002  0.10472368139612264759108
0.076981470568516299768369  0.17668033492795334749026
0.6016163079392267132306  0.37864843156309041516394
0.022925606458467660819789  0.39715703255728918019685
0.70215340723402575040524  0.5814075536351337447627
0.52648273565327852185902  0.81586584412821927525528
0.41662534377094817550358  0.76430832443329133063514
0.25884729076535600844622  0.9133851776240329289891
0.43493049830875291084098  0.84697195262221203204689
0.11776072033360762691956  0.90712613566717381630156
0.032318453366681092198132  0.28026380470803957667414
0.092079455767725068571217  0.26340285553886683134195
0.2263275605926519939981  0.13418773475833808972446
0.78577884652876084370376  0.32174820184175362269841
0.44280814822187897217276  0.91967562544899905674356
0.27212607093736879138035  0.61317754483280106914123
0.62680469729406929069171  0.90281388280548757752086
0.2659831797354342275419  0.94413762645217513824747
0.079802479259991176974154  0.30489680583126316237852
0.20631779814756229241013  0.45656704599800085331296
0.99824406370466101101613  0.38926928223414031249305
0.44328712082253851622937  0.84703065223093232383178
0.37672068355493815161594  0.96680601010012667817506
0.37046941362765928307255  0.92987807483374840256118
0.67446306897780239353324  0.33301662577634327799814
0.28286432082585888370119  0.55145898517387159643022
0.1960380649022956667249  0.25368307918269483725027
0.95061017552052229362403  0.95289153084671041060716
0.33304225044047308657014  0.67580805150453115981435
0.60956860078734254049238  0.30110251327123455089563
0.50018762593638199653867  0.16598090295930853499407
0.91643005817844414018225  0.80171246642405546989352
0.54774709207793481624549  0.23305761416046524847623
0.5625909227526286748855  0.91577611178960027782381
0.15584928019009830491015  0.28013184709433419650182
0.30828880974675276771535  0.36496878421863865327168
0.22898346534386512796111  0.48731574113468612008404
0.3170058224115859801806  0.66848070139708992698502
0.50184320758973721687823  0.067988886784189572765058
0.78321211471019691607864  0.06043624718062613754288
0.035894116770382254733018  0.60024739637641100209464
0.76977714379203787675721  0.3503582637501747032438
0.79272055069766012014298  0.91100485719568236042676
0.85481686376420185080605  0.42626898864263967903199
0.66396660759617698310819  0.81277506654724684942437
0.29083062097998518824582  0.13058041373799122997212
0.86926834210918735301732  0.31483169851018355522854
0.41557022473192611888848  0.73550634317089880198637
0.3987784113048877254748  0.022084487282171546412846
0.1373497007641394929145  0.014011531818867287157993
0.011694173568490857234581  0.65591537666311949816844
0.319549782485157918277  0.33733909034536690985107
0.54135578672438999792149  0.62632811340473693029196
0.76431203038674988547996  0.036565334007806038485455
0.8511350244543701704103  0.91213529736298304406716
0.25238879013933279704673  0.40382661796456809089051
0.42261505218185291266053  0.15717403134588792124049
0.63440236630511903648255  0.35424532420423776590823
0.19392902831967170906857  0.5635725257416833722246
0.5478127789958687765548  0.084990876847577431774106
0.20885017600812669225085  0.51755873820745779134711
0.49167544236083821074246  0.99472615661966212741163
0.70114908775538575813613  0.1414518982617283260339
0.26795551689247137927552  0.40116087176403814051895
0.14987242809055240089222  0.51405898525101190177367
0.80422600936042776265111  0.16828396961237426787683
0.24595295304459741103642  0.70687919815305788606707
0.45357018868709930714544  0.99201551225883544127271
0.81794927615700852019387  0.36991705699512439364796
0.83095177815197174275852  0.43692850772309688167638
0.98225553074010574228225  0.56960360934394838050565
0.3362305820921067112117  0.44206761471532801666129
0.61133394672212781895126  0.76438045232482254576212
0.54146615044455559395686  0.60826919630082565415563
0.68017841528204214807118  0.23956183681159767817626
0.50449168324692861276048  0.86724485770157133668334
0.010234383775287044307523  0.13231006789668922629666
0.48723625937001330266085  0.65809881840646600181799
0.51206321534279841678483  0.23416561107839928279617
0.36492550110038390887013  0.79157555843053772903772
0.95755345650274148461278  0.06063662642716287354272
0.19304779055802084863913  0.79716550798553620360565
0.3162051707474051176483  0.30553858683974471910361
0.42746574387045682685837  0.48948579067165581824028
0.61427004636089521660836  0.24616323529230080269237
0.27817331246186405291354  0.76284391609232582442957
0.14345917823008072500279  0.18906323727990534400156
0.11848022407982257420134  0.83741748098841095604428
0.44145627755602567798832  0.93616143680549257499734
0.90113646670595615173482  0.82016473917333676535435
0.88996994322571409963274  0.26275014702711857461637
0.20790525919642843799551  0.95862314253158098509289
0.85452730268622245635157  0.54654349951700298415602
0.1697329129539734970944  0.85985904299690707475179
0.20166982806020922192047  0.91648332090013107098514
0.22545806960486228232021  0.408486628015876096498
0.0037490070994280109105412  0.7877710375865497605119
0.023906718993393583083673  0.51990278523417121636641
0.67270608868055092877114  0.94610267927099045426331
0.89120580159599949165994  0.7109530763317891688402
0.2369282471305731718747  0.57370928544572852292305
0.30898978465699733497729  0.40666991286196435551048
0.94937205584718509232545  0.75718937796098861880978
0.098978642504584907202414  0.79491309920506425523712
0.58804100578675877475376  0.57227341148524246694507
0.43464572125511241607043  0.38648184615355157811578
0.79498240779636297759225  0.54089044656190354842806
0.59925876601797267717586  0.10097960799189144298627
0.93207581016627338854619  0.55092134443110940544841
0.95429266907443366374508  0.27761756272619686480851
0.14805542035702939918096  0.72241329113593144573002
0.28271136952825171029247  0.51802769283114180609573
0.51505635703054530871725  0.70038256838589796338113
0.36684289018787014091671  0.78959791041335736228035
0.31205643825055601192631  0.085812090851450903428166
0.75436553999434385886502  0.74716141406258262946949
0.43201004173881529801804  0.11410626211249465244979
0.81493526297333584995641  0.24849773529635538205085
0.67147144807706637958944  0.4692157443422163010105
0.2322777936112003505098  0.67413918126428540311679
0.013700375000301665689983  0.93550575763602727974444
0.80316359999198194685732  0.91540860738672480412248
0.21806881190677945836498  0.0095165414277272250553885
0.52884681802346011902927  0.54176913826354089476212
0.24857800500982618618906  0.89231599105296843799096
0.66165644464929052048774  0.97889865768033268444981
0.016303507789197941441062  0.50571686309971564110555
0.8908900876367007448664  0.27443210256219063847283
0.57533533569938621887729  0.21601151725883152576735
0.1407355162254733116356  0.035458095098259000133023
0.32385733099278246616137  0.17740075356558029917586
0.13519914254772913420055  0.49394561689341554000521
0.15258355906659359924049  0.85424740667472254251891
0.86514871058355036215204  0.4176374214653167937783
0.62381444474671576827518  0.6285723539565311046573
0.18813437539703262157964  0.58786644048531688788728
0.08086766555579200099757  0.049140654150928081422833
0.62358873111855162019168  0.026516962660864777656666
0.67213883717305566989353  0.34794704724723835020939
0.81190140525336651489141  0.5126989044492644698181
0.67796906842217974364928  0.33681842326175659430021
0.98352599743487878480863  0.9062213385169740620384
0.24305812052830702563178  0.10388166144750744790404
0.29155408242819763620091  0.00053318736633655610442778
0.34587738320838723460326  0.90485393254593249334761
0.8958558997473472507167  0.24719082757108037928795
0.58216699897338342051256  0.97901427300590060376351
0.48141926958026426408566  0.077771080829765540376464
0.51558999816409367689118  0.16406560263095115725918
0.9969253164922987631158  0.95170129333957720341175
0.77348149558091439104146  0.058859736202850732045277
0.64492620692841662322081  0.9018163374058870696004
0.43776943148240460290666  0.12772963002617102046266
0.083340208473882848583258  0.16204489070129343697424
0.86831860627285972764611  0.47132660903663659013318
0.20820680912711159171735  0.27870437683968402042822
0.29640736606776685313491  0.60371154031065699108183
0.63102948099463918030239  0.74256213251390001950369
0.21997898941939489358965  0.88181392054562801607887
0.76875670123103789777019  0.54602593955859823893206
0.23202561425139059392286  0.25343246113572698297034
0.57610709946210914011999  0.36919059388823893819165
0.93687884549613542617408  0.042918955538695180429443
0.76235903932881088351792  0.44848828477102786749242
0.85944596746074541915306  0.5813283053557515289711
0.76800759086424530419634  0.44316445188126862841926
0.84750009791922764623706  0.17246808962853674151994
0.54835160112375602725621  0.038104792228698704248391
0.78030038251907107849092  0.81956920779667130627644
0.0019403763597615171845878  0.36093403926760775357607
0.61826538269171904538268  0.94540855059265394011447
0.71806595377514170763789  0.06480402483795377754916
0.10501200536790891715277  0.46080386352650248849017
0.037513508836533031309823  0.77997425806219389254892
0.72425650547997377781684  0.75799818481089820121355
0.95166672048104128389667  0.75040080638759198983223
0.57981507999169645817261  0.020137277893870857842229
0.59091244900089445746261  0.16371030443951054000884
0.059185444655576957551091  0.27699409717869022395931
0.57119072162647388513079  0.31648335914845809879736
0.76940204327675820739074  0.76817760424525349804981
0.021153309756564129401335  0.46931548112179605203309
0.39035566177498676188051  0.73534494134518135766143
0.34910568485066162391917  0.21715876453256258149516
0.13169489430764139137331  0.072227237532168503397756
0.97641791583784909303034  0.78602564718013434585941
0.34946408003195045255396  0.012727576060335898597287
0.28842951333580263417744  0.57206627995658743124352
0.84802618362662285367293  0.3040007131100004311719
0.12139343683736933399153  0.36845081578772459485194
0.98282953469013922820352  0.46568731700412924201515
0.84244786924292969221284  0.54852354392333901866863
0.70868771590878332222729  0.048262456437092371430708
0.40432492315571538776808  0.40432041897328002688639
0.03929570992098838783102  0.51656961463212047735993
0.52436026327043483430401  0.86595399615114954094963
0.58157156000470289214377  0.26700454671272105811042
0.85097941488371109386435  0.061009283425771360098722
0.59645406323295968586962  0.031490546030188908133152
0.87904388318755555253858  0.76683038083100907300604
0.78476478983077280204839  0.42664247303973340530447
0.81002241056416623976588  0.068384532436458575488381
0.94414343881752826881382  0.93447408270450416090114
0.17584347448199696972715  0.25488154539421181699055
0.045962996262154602600258  0.8349711970286545215103
0.74442543454922582846223  0.97237072489364961835889
0.56484386174215783782415  0.4654809712719846226392
0.29161471637055053074405  0.66746509750535298888252
0.63820526719200687537636  0.79946489954127808452711
0.54950404013766618316339  0.54386417875165582458408
0.30739033936524412515823  0.64809816405439280018186
0.27329363447261550978951  0.46629582074410619307869
0.11017952731541383326608  0.52571477547229816806862
0.063340320631353905223015  0.87475956618333694514433
0.21548139141639144344964  0.78735296296442724983677
0.21387169112869952591893  0.30361072493192742260959
0.14458805232990126765635  0.093515850267572225851254
0.19699406303227412484702  0.017363117967706297867236
0.084947697348808817729982  0.97283123697229312298873
0.8081257408442189538178  0.84424561115811402878251
0.22726039061812100539051  0.49829428669157338482876
0.70010278151942484381465  0.4652905266536520034748
0.36163328860939819575648  0.31246144119445629083742
0.36705836387051116176394  0.74415424495853066400031
0.65300084804482638745071  0.19426494295419458047114
0.10934314934051647671964  0.45212852937848069245774
0.89219155847494258093633  0.52852219209101114483218
0.86659646947201274258532  0.39941047489907482992422
0.31266946183386645774505  0.059315466859505686092469
0.38973722033879393267242  0.31967651888393466830252
0.31944907523791954417902  0.054510732223106553306913
0.6532750979384529532723  0.97997849646700996295579
0.72858906954329638594459  0.80803889921520266614863
0.23059700390834900196602  0.10550785477033856885054
0.58067677469545542212614  0.54018929159032735842771
0.65243362601208088058513  0.88298996408373464639396
0.92499706440713158617228  0.048303095867049436473728
0.10170954188031863796304  0.17728377403078532381642
0.26436412154562838328076  0.077004863099102649481864
0.9774677069744447388544  0.89099348247132104106072
0.79337362363664698516885  0.79197748648675236893268
0.69478462038337462924886  0.58360424098201080234105
0.31137990078853411413107  0.015694927141714290486085
0.53425016107649803132063  0.23642708855462674089054
0.79151375415414082503673  0.73615994325093114802883
0.18052721861806472758438  0.054001581030417175610658
0.15648387694617107990247  0.13628431982225289176291
0.28697223966220131163851  0.87866809726682004733078
0.56102557475527825570083  0.88020335785916026249964
0.67703082223045496501612  0.056697978158678483118216
0.50951766080314053741773  0.048382831532548825625994
0.44871108423344585602877  0.29802315825747421884628
0.86479826718793195716728  0.76133894277138114414782
0.37673255083014861588353  0.075799050226611236480423
0.6104313513149979275596  0.88578245988641035602029
0.86290774125215397027944  0.046776781782488882632798
0.089690100567765593253533  0.58712366716739416983017
0.075765018322972610409494  0.43426048394813432373951
0.3581910982412925825713  0.66869332522860491785366
0.57667389460004236934054  0.92877605744437152779369
0.080403824849056296231176  0.44221133982367194503738
0.35503097016180495959503  0.75164822885245796690867
0.63744875659545952029106  0.16653645221810806087426
0.83843186435057681649141  0.54455149481698905677973
0.082689652425400980706449  0.24281717522564702504972
0.032313895455045503479763  0.78839345959780504635717
0.8245881894501171371914  0.090887076237924163679693
0.49847885385902995780683  0.36012226606455677302421
0.73832904549854883047288  0.92993035910470689398011
0.73731578365628458460179  0.569828990477152741434
0.020305238737005869287255  0.48186896007223617433013
0.51439430136252306535738  0.32393886897382262457512
0.70718019868011272599517  0.69059920262489304931819
0.6853900385422523333645  0.72223663553355565980496
0.44971243735894450566093  0.71073055348284319698848
0.063335000711997116451535  0.18706781829032023689585
0.59637429809271047531638  0.39760835052376963805187
0.86334618801727991410644  0.37196749681761176464789
0.33195354804472487764144  0.14172518459462207784938
0.90198540258181925111103  0.073283841747428302149103
0.4792262854240754710311  0.28136523017608944252643
0.50160997030727871859312  0.20989046663909627365996
0.85703508897830960044928  0.096943351152643256196662
0.34969741433221068760417  0.23068593015233851417634
0.61383397894264157823585  0.079069931928918660291039
0.73808399467007990146783  0.089684534891071865381207
0.31594199173145992576295  0.83073813733576518103519
0.215106304104480811068  0.88823037132067528265367
0.28450814450945033362572  0.99277856653274210163573
0.6883389228051715047485  0.57399288986821617175593
0.42579155785500971687085  0.38976591083139572324612
0.75741738421400106595627  0.13002727468219898998569
0.78685796490969195371434  0.54507550588434838800822
0.2133760980846255705945  0.52952129220176880064486
0.89948482786460293159081  0.64860896344236829147434
0.4138548821204137140306  0.93145700614988846677278
0.66731595915394348317307  0.63618329113893523629741
0.54576338055734485710246  0.83402118380795253749227
0.50439861156178156242902  0.40952868258884300711742
0.60836684432127663413326  0.75973867314915433102129
0.79627578869481885348591  0.58898712470435965471438
0.76177799311939820015027  0.30643448737245065904844
0.18728360190009712971104  0.155097536270365404798
0.19954062165849592580535  0.79861713446512028191648
0.85084654114202984409587  0.54238935991311165718542
0.53321049874853121419704  0.34142694359258868308515
0.90527380964401571450395  0.75713104170336320564161
0.43949343123491824147919  0.48233612511808737766117
0.038055381597655472958319  0.43713829921143021461916
0.9127209427807649877451  0.46163828904933995600501
0.70469185903859843378427  0.28976999751087800794025
0.19358479164145764306326  0.30598999522234227033124
0.10698942420437439204672  0.25817132680099280639396
0.89782300632500100512345  0.27177764906306883796461
0.093955183380683079952256  0.83859561466703169685388
0.070827615176398017737824  0.3188807973812776697109
0.67860782089958870955115  0.16773007376916015953583
0.41463684331096112289927  0.63065862984524434509126
0.44269827909999753812187  0.63086555045643288863744
0.44269978853068575608276  0.94483692261623986041741
0.92777735261698712765366  0.59155981165220916651037
0.12832472222037885623003  0.93123555631194332438128
0.55678659462815283109904  0.97944577591083414880302
0.31511319390282738206466  0.92926728584151041534511
0.95080499169271581738627  0.75962804616370716015439
0.49548440429360662839997  0.53579620303492014876667
0.84684121507241660875565  0.094512797915063589959672
0.13068783550428719753  0.9270017246363954077637
0.93781472323164916105043  0.45338669314925855724496
0.00044654452756161694968254  0.89886431316975967664717
0.62670772777214822646386  0.47381094937417828072412
0.96251144086273965339018  0.88317666514596793181369
0.29116182081984748331038  0.8562460882911533399664
0.94099836787674551175087  0.16027080718432726302858
0.22998394916366227125337  0.31897267279130397943376
0.21574625578020084626374  0.29740870215098225148864
0.28105856203948115235036  0.31816146587374449783425
0.28576030019264531123468  0.00049092982632579660814964
0.55467896692474250031069  0.32268214325176686196883
0.78761499789264666215871  0.63186446144664554225301
0.071246160608015612902832  0.98208185024484351277607
0.13153312360528859881192  0.84462630207019917527589
0.92058770939494960483529  0.36469526823936870840726
0.74682402607380593551056  0.70067773306405189970292
0.040773105515260872622196  0.2208690395184455812494
0.00086154749043017514551629  0.95411096065689682266253
0.12807948887304931862019  0.52817677971363252709125
0.34456108871673118976275  0.40835388137722877788249
0.39494524663015223575613  0.93601348843276044320305
0.10970098422751574374079  0.87620041682238003488692
0.83416734122146640739714  0.40150089545804290569464
0.38508562734151219331125  0.5471388279592716008537
0.7072868492346525703951  0.7902176319391032155437
0.325104465632675088127  0.94468135802080865914832
0.83581678845510731790114  0.42468788121926537293405
0.99502972500365194363781  0.23754192280567545947356
0.83165385063290897527111  0.51319628983394183219247
0.74100506388212206143606  0.92627942139500163420962
0.20234106126377246481773  0.63965574560012994353997
0.961920709171311338892  0.75512948982027039424025
0.6962554482062571770129  0.078939694968609225300682
0.98642053767679915843303  0.90348792102977026896582
0.37279137906947468206198  0.58899497226006147787558
0.43658378166689804089629  0.47845766163456082686878
0.087491602922278075005202  0.38330620119254404931652
0.64422301646125068597115  0.0033192231612639111308638
0.46005314993965168435253  0.0500474438133574964227
0.26304452851111248534721  0.76681360673300114072504
0.39902250870798133819406  0.47294019456821606572916
0.24325331356020549189445  0.32468878524742039726192
0.50195296204105110948746  0.99850307885578026834139
0.78470594408486760151789  0.86481703318768710087028
0.73420111250517694490014  0.97704906606683050718232
0.13100807206968970164418  0.85852114463677375866268
0.0094888746663229980859988  0.34270207964113313936494
0.30283103855304227547407  0.0074815078155264346654318
0.82402797666832805489889  0.81793701652161476811642
0.37456861176368405619286  0.94892862964073176890167
0.89843004822746663773358  0.51085453850008799570048
0.9097321754096492352204  0.66140314945553979608661
0.26211375823568378029549  0.19434401147748664451242
0.094232070971405429427037  0.78587899931249172169601
0.94307088160630270223805  0.078581715631051415882347
0.78563432595421056614526  0.77997124135310524906117
0.62246491444370877221814  0.62244358473117433749877
0.53405768679335752224802  0.064764933212228231740326
0.63923517511352112574485  0.2408790216349740720414
0.63278045212816380615806  0.76585787938571248112396
0.19033516904062122709895  0.27297945204616769210304
0.65756005061826150459581  0.94887051289412516208444
0.32478084010829572081391  0.68113983234104669151066
0.70848249799298357309851  0.95041439885560785594265
0.9152358637402160379537  0.43402807053048808594298
0.32197769142395743502405  0.55324980411006086100656
0.17094079908511558563156  0.83312821186532703965355
0.11726817377861331603839  0.65324673579665559763896
0.27637827194791314555644  0.26635387568843049699296
0.44191802781700612046123  0.93842198848404778654952
0.83060189090648761656155  0.96828686020456022909286
0.82208128536185942625281  0.6730579678277823774124
0.0018642149348699643164606  0.69799428373941041492401
0.09593864268707291698135  0.075688659489224915932759
0.99929855582206550401736  0.36820842276664622616522
0.96027843160532500021986  0.01926654411392735022357
0.92239257677346297992216  0.70312849388378173554059
0.34209915723874806392502  0.64702806386844868846708
0.41077151122605898292406  0.91418270052650696388952
0.86393629079522304969885  0.79246289039131290188323
0.29053169233019576767063  0.10517084886156628786846
0.71033074335526569242916  0.55996431254256973097938
0.60490019178483656059342  0.30442160841374060753495
0.65581124821938407976063  0.62859193630369025740379
0.74673916038039744869081  0.20186421687192893092977
0.9715303213684616245871  0.34707911787753181753757
0.26394173031981049692973  0.043211536088533467059314
0.53310284825158293919856  0.83017737116661238783166
0.54372614243930406097149  0.42931327236066568753259
0.53084196407806771844662  0.98273121278097508302096
0.91940982854101160892668  0.16034289209249832919291
0.41112629962397850835742  0.81804455511076590301656
0.31674903049521657694143  0.23444463502142731670119
0.67604309816987628867224  0.49197395715876435229319
0.08304206178168956065111  0.12011940634258724824868
0.24160263889006769466583  0.56789225421442446339881
0.89026111520158002221592  0.13168482290670707746116
0.17294527710076004756168  0.29136467504967294983587
0.13674374308417605594634  0.86336765204501553228056
0.47477416813824108166031  0.35113442746536432936821
0.84645979209302135704007  0.49224473044006727961985
0.80762933835966688178587  0.45748038577905431045778
0.84822788348854394335774  0.5023215609466075148859
0.050085683175664759414492  0.88313126962461652169623
0.19834689618271642008729  0.88948539895715905689855
0.48575998728751029753781  0.35448218224433725165312
0.75833026193953190219332  0.4945252562154823228191
0.91897937577401367370555  0.94436123090567436477727
0.81567758252404687357995  0.13579473102684760932313
0.56112312498702510144  0.46836589357494123886383
0.37586720174984339370994  0.37872347699362091111297
0.52132497087499640731068  0.99376768427729744725951
0.945662856169412036067  0.7403133354318556236251
0.69889966344648235541115  0.43897194335450712143754
0.023385839000448979674296  0.71776602579342640986226
0.89083889325860665664436  0.14154143101179919583821
0.038481803594063390683289  0.062025793310126836610507
0.43262773022650041765402  0.83317125674365333232174
0.20732855169287378593879  0.35414147529716444307013
0.42564406800412762921226  0.16305174963826243872411
0.5838330060143127608896  0.7490232060567375560467
0.60735482864441903139152  0.39475837564194493634062
0.42701827108769413454681  0.43580970855788347950721
0.89784939514913952862685  0.3866939339452272750286
0.338281153161783587624  0.036725641025601121758548
0.65546782620194732338348  0.43060086821623028141559
0.4849965395772764531479  0.33466155454803581115186
0.99489295419609913295744  0.87917302917885697954858
0.32545621828735504799113  0.35370230751580961081615
0.34841951931431847100384  0.47173395325910716380235
0.86145186617758751079776  0.36135639303560623813993
0.12903565800514571471069  0.69776285537417703785934
0.26214715876830807506082  0.0052741565359053933087496
0.69224454463796625258709  0.071436753821062223823724
0.87261769565882152388525  0.79592886365832049566649
0.96375364395972318298789  0.53374304476891598625343
0.42823226539223235853626  0.79024595156320176503328
0.9272281809328885016086  0.21110441458702139394532
0.057692517129369048911602  0.26130894485896466461483
0.27818926208457706028554  0.063625607478515380788231
0.36912768850747657012334  0.76015416134585223062459
0.91389768139402371982527  0.0037963501577812407486445
0.97161597746819716725497  0.065519112665562637132233
0.66245838930115241716123  0.4907406572809589473394
0.30344719136372111378819  0.91492120636011775580698
0.58828618203163518529664  0.79618424639023488431633
0.23290500041769729433483  0.025593821651084348867133
0.21479017966657182325818  0.56691804393771594305917
0.55214900863164018129936  0.73203764317206354572676
0.44026909313965656433965  0.73833974827049730915718
0.194453041378898849878  0.35194791195735636302189
0.12776755515676693764071  0.0469577403195297130023
0.46338926402177871288757  0.78028991108012513144843
0.92932723238653980324386  0.33642381377315161428143
0.6257110794663726105469  0.98737716502550421093787
0.50625752930553868935704  0.60210726171476158796736
0.64175459411938418075039  0.73676447823782942325721
0.35169053333995925481048  0.95611842944055303039619
0.32199140737132175837942  0.99879956138654812924926
0.710576604700356551092  0.27596150581394973677618
0.07750352995471831984986  0.032496672434186489597518
0.68561753376517975411275  0.58786946225428493573162
0.76111271504512023611255  0.68849683757796642513682
0.66870800028730537079014  0.85852943858710017988045
0.82903349304680473697005  0.36020176824476574095613
0.1848987281699278062419  0.2669536495240549256458
0.63919757863897075367277  0.14293991880471887401249
0.13842921642031177920096  0.43907212207931478609169
0.01082465448733649533708  0.037946981380631156222094
0.018512027716236362229196  0.66581074635650638882112
0.39057134560419165536516  0.14498151634939537846236
0.99990972443677883507718  0.29516383682985830594347
0.33352452865133824788657  0.25838331834576949708193
0.21279960641359546569262  0.82703553567503451660059
0.82561267429844975573872  0.64322048302677070630295
0.14231888525714087023744  0.58343198994191858286484
0.56278122675931696594631  0.12134551997611615903327
0.99851309622227313322895  0.42560447932258888004142
0.34645496999258096337826  0.98421740244939903696775
0.71483833723308187746426  0.24458555121771125007157
0.54351707028057283377365  0.72473054208832754508052
0.25326110564765441646173  0.90621281292840361043517
0.91769500754500421546567  0.67861627557185455472677
0.36781160125479273048654  0.66643204593213611897085
0.053645602348578839968507  0.9104977405828590386605
0.91508425239738555578839  0.96635105449414204770164
0.6360756590656555520269  0.1644875453098566531196
0.35982866131785967711565  0.71598910962803741231397
0.97660117344100272340768  0.56178487318544045869828
0.89833163037664465200294  0.86779269203324360670848
0.74570002243070587777396  0.41841352117112756703321
0.52533892231375223236256  0.9160940219664279737799
0.92457913730357921267  0.93574690971199836475591
0.27750930127377043676873  0.059227803357544822615566
0.61189254031771911357396  0.68044113807324646536756
0.93886769425680161038628  0.69837197006963203094188
0.10745686141430062232605  0.73143847123270355758962
0.32134961147284468729879  0.56844239498479665062547
0.00085363807763715277097255  0.65324156063309868347488
0.49693863700366897040439  0.28743781038678783978924
0.14848036377888412795656  0.71482343084137878186368
0.5884493003665930421775  0.694144068498016575397
0.62221699334857760721462  0.11480943385075091656145
0.4519208509037264676067  0.88020874010126948228105
0.99078618113410887868753  0.13492274908962970103588
0.23979324061713930271722  0.36678039559095948485279
